0.899891205287085
0.231087415046704
0.824356806973579
0.939248466182913
0.294100395136775
0.0374029348165866
0.192123433166399
0.83822551655143
0.235649506725426
0.995318683805594
0.729530642563765
0.861748337247577
0.946734631589589
0.881378292492863
0.0107965681039313
0.642413154442528
0.428283650957359
0.926300261274822
0.911955833820085
0.524623674490776
0.558992958592843
0.949711463964753
0.533240164644886
0.630615777158714
0.0520670188979973
0.844050086559333
0.0796764877246523
0.771757229765816
0.0359648459408234
0.0380894113762175
0.938146000043845
0.542516612579202
0.179911719776738
0.384670512639986
0.900605177419046
0.106507563096787
0.931407369030038
0.553811490233916
0.523572468106493
0.992024999168896
0.861575334414584
0.751586307426487
0.529162394931874
0.142134614291806
0.984030205956793
0.755371128281068
0.735714466249598
0.361254333030771
0.0434027003546406
0.949936105012614
0.89711962103629
0.529574150186497
0.372311589437397
0.265050067624816
0.364677212791354
0.527460373608892
0.0661899864264791
0.785774301714563
0.332191185129932
0.794029160030178
0.883600640909409
0.613446182870142
0.721121954857547
0.992887656018163
0.49946190077238
0.649376355993804
0.362212292056717
0.710651066199633
0.948288396902235
0.628745014465301
0.904594135888336
0.0135918910834871
0.250566634178925
0.0183841376316092
0.756195776007877
0.0261538958205535
0.129907722574515
0.486391658878443
0.0482088150180449
0.937641219708849
0.19027123844687
0.471183161111344
0.207465472306902
0.520343300687021
0.917323267995555
0.943077189018804
0.948213351405217
0.291553633344372
0.954705148415664
0.397570630101052
0.615680308176979
0.615680308176979
0.73195828756905
0.0588721134096656
0.768616815916278
0.14892588750504
0.592030410799054
0.989584732904525
0.844002206932515
0.837218805486873
0.10071328617065
0.634353515435782
0.716180731978929
0.852668274430321
0.695011872790591
0.817043975269325
0.0528066177316231
0.31962505193634
0.75752036002071
0.455957409215393
0.924753044219235
0.173986822430428
0.381596441166653
0.992285505041866
0.120232098744465
0.0247893141481061
0.994545638381968
0.267951637223991
0.400111337675382
0.68270949143517
0.85433270409348
0.0757358314064493
0.812173190698019
0.133266943531659
0.498338925402648
0.697301112719003
0.0157449499718598
0.776514893728836
0.390920960692574
0.350805319216716
0.810340009891054
0.808473182223742
0.0897145902812561
0.0965065763431627
0.849152149327712
0.796822760628105
0.206352887304013
0.628516012389583
0.83435087679796
0.344335258507211
0.112317994403061
0.207165525423422
0.525896919574025
0.934461975162639
0.201960247349129
0.490870670661632
0.365295124352092
0.26133346379815
0.501246655667127
0.716963669758369
0.405222307037296
0.983244697831594
0.95116725833739
0.171389137801914
0.522999821318313
0.60290555584835
0.0661667782561339
0.0678292159706464
0.320887387759921
0.386640636024558
0.249145787529005
0.193596134512643
0.71649532133755
0.265488092466198
0.894041045492918
0.535757494796927
0.323003446994651
0.543343897993658
0.29405798934661
0.805960594252333
0.0301551264521732
0.59466455562394
0.876691342692678
0.0337817132300711
0.79961719977085
0.882347403835264
0.75297558533719
0.243941498850793
0.156042610319332
0.376759875680246
0.97683067870659
0.968448136023688
0.905965869170424
0.458341683462287
0.0734708027756211
0.603783719029849
0.516052377587505
0.857809991322808
0.835204004662743
0.202739107010645
0.871595650446927
0.775391225455678
0.604370789116025
0.399780208389515
0.555442371522278
0.415456022884243
0.312813723600968
0.958522790857974
0.596654096477483
0.387741309548952
0.634819929342822
0.615680308176979
0.520993287920129
0.519278801550262
0.489583389996422
0.258060149838758
0.0288471375472148
0.238175779519198
0.819350705063306
0.314658604806927
0.531552481695443
0.27305546189154
0.772680187951246
0.385070548333443
0.286570365984784
0.561345087341907
0.344936109117242
0.652126809552884
0.295683137514738
0.660792689109806
0.882742730307775
0.66150521893038
0.739214262755743
0.512831387665925
0.958969808618596
0.0694965939962507
0.848213895295913
0.665374125496468
0.115613269375799
0.992928691346104
0.776919979773295
0.278203312898242
0.310155232176766
0.0424052018644172
0.513816695323974
0.026242722996245
0.540949971985824
0.432917654488662
0.211327922729984
0.874620440569415
0.320113211324728
0.128595898162373
0.896880169956906
0.483311929936408
0.363190834961306
0.103948957487897
0.497255054681166
0.460893427097178
0.673792461707979
0.801759907141715
0.264428100937158
0.311966287463073
0.305383714407054
0.974991590388778
0.792865925646898
0.539116178556686
0.0332198142666513
0.82614334473889
0.46548140526964
0.863816979564228
0.362674596704444
0.993641416222491
0.215803075012816
0.181552644716064
0.290098882784923
0.866032634328767
0.187393660768882
0.764127690496394
0.815181593901656
0.12754767515049
0.803825614460222
0.705822034047113
0.594127257063256
0.439642697573646
0.948164046668166
0.140085565577662
0.457413112234731
0.62901436250705
0.720517999377866
0.824775452250722
0.339041491057229
0.297425402397614
0.0944234846931391
0.286801411292526
0.345379436151086
0.540658141997025
0.638697950130502
0.205088796546905
0.216762374179375
0.937777585807341
0.380834031679261
0.93933759261204
0.621679021119588
0.984715337321093
0.0460630926562097
0.573683012545112
0.397355272577273
0.682160550594149
0.965692883705757
0.157088480270843
0.233950599988718
0.796085257921545
0.10071328617065
0.613082219080532
0.317272202866342
0.446646202014213
0.38649184823858
0.308238184318173
0.128706618938752
0.981109996428309
0.756157327028038
0.34697790536609
0.0343924845448114
0.205597782347969
0.851047823772063
0.527055939671497
0.67895163961513
0.369584903654966
0.404679610419703
0.579269822151561
0.860328324848226
0.704660801684298
0.0397227953892829
0.309103524541649
0.989091443655112
0.826014805255451
0.417850589477278
0.686965809365375
0.704854884011287
0.278078621936983
0.584708787938177
0.332598675490342
0.913808671451363
0.654000704789615
0.095020323695945
0.86391898997971
0.156660902862206
0.774027820277209
0.165050541191507
0.707912193204128
0.848367443514375
0.541952643392939
0.537618015568809
0.956227677028921
0.273783657324109
0.834462908522789
0.0994255130881893
0.911176990566908
0.730767797456429
0.116552799970461
0.122450332700821
0.722511166647362
0.894669752363142
0.184039492351594
0.687764896949363
0.680565365385125
0.480281142023801
0.944328973042877
0.994618341724776
0.536748616472418
0.718935637764153
0.211280032499668
0.373312409792785
0.17205710380563
0.427174172098915
0.581147478671364
0.8106119252895
0.303942899088155
0.9896184235704
0.653202596465381
0.65579720365033
0.287834799708766
0.914324325289281
0.611826936465264
0.20273869539492
0.97832569208841
0.475374087218936
0.302322447042417
0.557021608512893
0.817725841903169
0.877502740683923
0.608401334988681
0.20225636632834
0.369552053141371
0.820474165001824
0.56900515115232
0.041085863430009
0.186059949963206
0.567276403266041
0.224430289432981
0.889312039845463
0.284771560187063
0.0265973179874219
0.930545833162533
0.758587518210038
0.10781967315523
0.104065982942626
0.582360348908897
0.824440430298488
0.473611041851001
0.337286179602314
0.122327455673259
0.116868287840064
0.401758080081811
0.317595022574056
0.867449921892367
0.803394788509282
0.328672527625023
0.0583695134963815
0.859273306971376
0.404405045394492
0.198170224161016
0.0176082744584923
0.229896716217311
0.744766746551344
0.995745972558485
0.68019233278006
0.980774079658059
0.855586474366843
0.433418516732343
0.438873952619214
0.737208104901035
0.464111353386141
0.601071109365295
0.349308084140356
0.251584941109979
0.0462011873987456
0.901087315639233
0.890488332159953
0.796319654773573
0.538341385114241
0.70402428242475
0.447371326980339
0.131401381769822
0.164391284925922
0.593540779921187
0.546594096369892
0.153198146183863
0.649843821774329
0.278791462841464
0.428100513005411
0.967484967283614
0.839328440688861
0.881622763860645
0.205363618123697
0.54130117333139
0.0451098957023885
0.9560979624007
0.796955050117448
0.402806396874204
0.734989636530654
0.114981226996792
0.12219856525975
0.178907516088973
0.540466307372873
0.607893740186422
0.956018721612457
0.331655360510766
0.502660318657615
0.720021520623973
0.824194484524972
0.988587147539193
0.309689982207492
0.628799402008586
0.154692114790575
0.865556596177651
0.380499766778661
0.553159249868077
0.54097308162418
0.269388818500333
0.286427745625008
0.758274137291725
0.835368607128761
0.388335665580634
0.68818938341863
0.600850901165944
0.762474578943448
0.428192725476845
0.747411414470754
0.801596156281033
0.143290734985186
0.819370489396663
0.344251890856114
0.435108049568095
0.249431374111231
0.148356781394872
0.252855172875746
0.0486370347991476
0.364204822923095
0.101872649860018
0.885427926185033
0.404388552597947
0.196875204540429
0.0343113369593274
0.187420172442006
0.930387854003566
0.904499605445071
0.884298542779829
0.923296618816301
0.655611576790729
0.566333320871519
0.142518705884919
0.476922978095913
0.347509503818245
0.44592861882837
0.540463354041316
0.540463354041316
0.345604805315602
0.941296459357545
0.811872608804658
0.712224367144106
0.866032634328767
0.155690225048643
0.957260454918963
0.102713153820361
0.936605170692328
0.362261283031807
0.986748854744021
0.704718558421235
0.96348282851727
0.995353303055257
0.0636446835549418
0.566255819874571
0.295034675773189
0.267608643735001
0.609389439850151
0.445545677840999
0.385098336170146
0.936488987284263
0.760499744024988
0.854691449254665
0.934445599252848
0.783964179231401
0.263958008212446
0.951518255783231
0.820474165001824
0.576638290419171
0.235198593826698
0.00531004894468778
0.790664812100972
0.979865472230077
0.518887430401208
0.522484704695583
0.557021608512893
0.978297048157968
0.886082743334678
0.925210510710839
0.547118662200031
0.0670200305137273
0.34682583453507
0.957528638777585
0.595157212927116
0.127555201509662
0.44828355553981
0.772129929121849
0.688115141805243
0.929931828060377
0.514541942347922
0.607113442347493
0.338331168696834
0.881622763860645
0.0994255130881893
0.263204554875125
0.242692410785307
0.706308429054173
0.81857212749034
0.153304773354654
0.175022391281185
0.470412613791048
0.213994140836182
0.747145294166226
0.549375774659817
0.666859595602684
0.937613768079834
0.965272387570772
0.751993642163511
0.162392455059063
0.52693730913421
0.0928244939393985
0.970916347247774
0.746714360247856
0.144912128310731
0.628355351399027
0.757014467410539
0.996613807144106
0.68204279444148
0.336077351777417
0.604395554472515
0.602880901797549
0.565413318304842
0.426924910853544
0.573568901230747
0.0420419076681723
0.490883269578169
0.92394221486509
0.864622632421828
0.90549746205279
0.986853700713562
0.482819881498043
0.72091251400697
0.874938288167776
0.613466873033188
0.303672511432601
0.757542629412666
0.700674354402582
0.937689657629779
0.533458926291784
0.108919414729224
0.378433841331626
0.419056714217313
0.85202227401538
0.414514399925076
0.773253264917927
0.755846102885523
0.760675217778387
0.897632111935752
0.00642014077006503
0.0638073356692228
0.101462985406909
0.224821228176909
0.0199032910347307
0.962761045093393
0.235418654962785
0.393119262340713
0.441341797499208
0.697369945600118
0.799851239909066
0.356328936105728
0.843749890519171
0.520108089484902
0.140085565577662
0.235606865068487
0.366436411027543
0.18438240583502
0.893036346834947
0.668575209608377
0.252140673412151
0.404824701015058
0.316057626544347
0.00690751312543258
0.994545638381968
0.240438240796287
0.173984789390014
0.0935630384908743
0.78061090921613
0.5183801352121
0.207701678228098
0.501003858990139
0.780166001038099
0.339754862881999
0.183647012599829
0.548044515462213
0.533108870153117
0.642282467038998
0.018986873308793
0.258049369884883
0.148047841248939
0.46297267223795
0.313841769308794
0.0158999998862845
0.17894003102904
0.579656323146712
0.00494266039086888
0.303168259145612
0.941002620121315
0.0762096010463038
0.37899150652977
0.114410135598605
0.327494004177172
0.0703641265498658
0.63820616604234
0.0903593173104582
0.366712919055398
0.217430829626495
0.950917268363481
0.498985921027758
0.406525978559919
0.14909106486422
0.124324641188212
0.0545844350768102
0.92336269888341
0.219298248046242
0.646608130040055
0.716792986615974
0.14910575050074
0.478492462594443
0.302311786590668
0.609460205374169
0.237647461251302
0.234584464585814
0.919427720386877
0.670880340191334
0.399935583835301
0.0329692831689599
0.297096462663338
0.765172085164284
0.90635751456105
0.511624763356398
0.288304184406574
0.225884513030389
0.54672613149086
0.0332264842265098
0.299351543748555
0.186541337535847
0.851820771485452
0.29766395562939
0.36000436083775
0.496346451447323
0.941830698779068
0.478153231757642
0.575739083883417
0.155826421315645
0.796439407721418
0.411993687392525
0.592026827242509
0.0822709021668167
0.238436484432676
0.546564090840411
0.95299364795639
0.89385856883868
0.674731265731163
0.774807456360074
0.60015887880409
0.893683824924303
0.811759988354726
0.17231131133678
0.256811829152601
0.00622968691230663
0.30218632848752
0.121141321079551
0.626079920275665
0.140037018173355
0.114395624640203
0.274749822988691
0.4585756963151
0.303263508503534
0.0089934871289149
0.673119416400324
0.688596196867693
0.193435265282687
0.510394974928218
0.860479236846212
0.962869605656668
0.263572307745634
0.0245910143042241
0.520049774813875
0.796116534721705
0.665105868855742
0.173595269330392
0.523486332463175
0.989385769971882
0.322966469983942
0.883609266898944
0.171174360540378
0.269742449442558
0.538328487512814
0.563316228812624
0.867507863083613
0.284405476613317
0.74563565975886
0.869307732085004
0.136454258391267
0.48359516955102
0.613906061430797
0.166445355067782
0.980645229189764
0.646990393503081
0.18007882718708
0.905699230231513
0.640843730054407
0.479205455026557
0.630555837177771
0.414649288808761
0.234829699419227
0.515719233758369
0.0222195350283227
0.928469574656946
0.335181152406131
0.353972262636893
0.351767639081471
0.278910982074819
0.0665461270101534
0.42433932876181
0.801596156281033
0.382566695073626
0.0191366609067155
0.784080230342716
0.947581907707604
0.00150155314303435
0.297008372761548
0.0654672242251753
0.13415276645538
0.912998536275593
0.121141321079551
0.661970045649605
0.54017975038771
0.0421515943867026
0.279388501894258
0.878925157169909
0.552374721367059
0.363563019091237
1
0.0641294299661046
0.858331928772399
0.363563019091237
1
0.328662644178316
0.421526579736049
0.754619459327574
0.524623674490776
0.484878242544333
0.177163906567363
0.151756481592595
0.858400352420042
0.912105137700799
0.825336592664189
0.292770662798286
0.195387025385353
0.976594317707876
0.519797899444413
0.260218535498796
0.146417043506906
0.278271090513363
0.753871421350886
0.36076263871694
0.712195663087721
0.0800770862393243
0.0592798870724208
0.101495103334113
0.442213585644566
0.790477988251225
0.888788972644805
0.250243675232472
0.515880867199703
0.215662899264908
0.500965650289567
0.78519357080072
0.147751587638811
0.348853892007859
0.612306517990422
0.152183910926002
0.0853639546732671
0.360460070066312
0.139841009370276
0.494416034164837
0.989010074600085
0.188562300838104
0.661324941959497
0.881555898628983
0.999175667867694
0.189279354630668
0.140649856388133
0.834039172397723
0.97286617853928
0.428100513005411
0.850976494147851
0.289811715004422
0.28518592357316
0.826852167592866
0.259555421626617
0.651164522046387
0.746172184954993
0.349625167489638
0.141206125821067
0.540820711988997
0.653222198342197
0.761534926450942
0.886352025454567
0.99016103462678
0.250427542140341
0.385418782308947
0.353420273147149
0.882287763455284
0.902802407927812
0.118130406637302
0.297739869246646
0.00344509605632815
0.722955752229348
0.04449254349871
0.836910977704719
0.639831746995248
0.772149420315923
0.393350854204035
0.44968282961114
0.945102688364446
0.572083876085876
0.421027364963074
0.472079806561854
0.364646762609176
0.146921273472364
0.95861130572546
0.316219931649812
0.938598497437156
0.570728879420493
0.215993176948974
0.242214924413435
0.423874041285358
0.608681223333768
0.798723882857642
0.119002780856578
0.544888637468891
0.855262247330359
0.825327522204417
0.0538219577232485
0.0571874661378825
0.382079189849883
0.291384938030842
0.736607480076823
0.647057649120602
0.529501986127856
0.609161743445108
0.0213009467140386
0.918704727680211
0.294768686346121
0.714816758231202
0.341919184821876
0.0152461885082003
0.317770842120782
0.327839745508688
0.00314278578817428
0.577638304436085
0.281851409266702
0.552734338951576
0.615921037502625
0.137086484390866
0.56654876740317
0.963562523037248
0.775922600798064
0.874072038856792
0.600647130356422
0.529137759973472
0.487217817394999
0.834541379590755
0.305088142823002
0.742151024692074
0.860328324848226
0.151139728243898
0.894515176366133
0.288760781604055
0.596256184925459
0.117316337922663
0.277767568641055
0.604461579910645
0.244753315427308
0.783218532682979
0.880679033812702
0.0463101031820637
0.534935579585246
0.372408531670481
0.0891619993531695
0.807549992838777
0.407732019043667
0.64249220464194
0.847807568063355
0.342307789013376
0.790493818072435
0.358936327116223
0.949270525567632
0.692975071694864
0.868157257345033
0.421472218290649
0.588772548374433
0.640840295071116
0.424349545064412
0.270737523068202
0.198768199392506
0.167690337042898
0.168616421318101
0.371640921714177
0.015581184424583
0.990172116902258
0.443229448411449
0.0614750779434
0.102142564543363
0.770521961119632
0.26332232431503
0.25305546816164
0.828622363963688
0.158719329464494
0.565689690662898
0.49696737912716
0.880993307738039
0.663582440832127
0.471045766769505
0.78293041013309
0.720882115468184
0.770493147497731
0.592448326251271
0.0678153283559987
0.767639128038646
0.0362081416448257
0.50264867792301
0.81857212749034
0.481812888920921
0.588761748475598
0.720307011658439
0.121684074382823
0.685646033056852
0.0137485734171586
0.982732632276332
0.0718460312987792
0.474893364987928
0.109065047618556
0.982623410897296
0.559438749088333
0.442487926129432
0.890005970867305
0.380865225027947
0.237942319935204
0.746231674596943
0.287470360901776
0.0242355863973771
0.629642300992028
0.333532393143565
0.892600856922329
0.591501243552409
0.692453574132938
0.268094811738103
0.303168259145612
0.561345087341907
0.538662069479891
0.514721415967968
0.255458952556599
0.484843787464449
0.483977340043955
0.770493147497731
0.208713645316467
0.442187358688128
0.782138996010035
0.312813723600968
0.948324520995725
0.511845880025678
0.163282416051776
0.708894757911475
0.982448918902061
0.9238700516473
0.582354598473728
0.597555416394327
0.555689849322542
0.581267770657741
0.88238974096942
0.344766854122652
0.96239928319066
0.991261969750974
0.778674103315909
0.593049382709709
0.622777991080558
0.51220748556653
0.512093867575706
0.196462606069012
0.563035915135992
0.0454531151484826
0.923675682445911
0.637881511579719
0.0545357106785368
0.407847286949471
0.811932963929005
0.0864667187457635
0.592030410799054
0.540318863620156
0.1079028252942
0.265761038880776
0.621975619528074
0.71845016591983
0.599968971196235
0.392418864329372
0.000797667070718155
0.625533162118434
0.998514984589485
0.325240910774202
0.705650743056171
0.842447265474688
0.757869796486682
0.780636319326246
0.310818526587417
0.798367127288428
0.386998353862097
0.912096637353661
0.859914065189716
0.0498465190838986
0.175684946436886
0.0738708885561405
0.507714847785128
0.152231070534544
0.959827496495863
0.961288190439989
0.584912692467258
0.0518419853286639
0.0328610990838532
0.226519886823503
0.934628434628412
0.210011012010597
0.447412454014253
0.000377344643808453
0.441982118839858
0.248102135582037
0.492986305733911
0.849162095276259
0.918918633801813
0.414142642583633
0.96539418848877
0.0619925293304565
0.638750452913053
0.617121682629813
0.512201387420093
0.346548809919637
0.472258659358093
0.591308609402908
0.661863275196501
0.606717330995379
0.176977354731755
0.227142631115178
0.731973882593972
0.233269483010861
0.0844745299189162
0.492634178767097
0.945179874364363
0.373097751757384
0.323981354971284
0.90163282487974
0.665862945697194
0.714810684050493
0.646993729583493
0.715354812286508
0.210520325439859
0.898113254064847
0.214217711767874
0.600720182303386
0.713649805927831
0.856205565406363
0.14785536676921
0.652733921055137
0.826518891217803
0.568977756201117
0.0589073629124235
0.474767444837537
0.454448998952701
0.620165078101897
0.319331846961838
0.717194568764822
0.231711032973012
0.0631609397993942
0.0666268510232142
0.747376566727384
0.442837903982261
0.772848296857967
0.0526000333146083
0.536092046545779
0.196001496615351
0.472879956572651
0.00942977110202792
0.655572285669098
0.568800475447078
0.305528196482406
0.833404702218698
0.0571710669945654
0.749796846604178
0.613751416049598
0.768276900375416
0.989891585767502
0.172622141677751
0.0544453227665251
0.0957401350993001
0.73511584227419
0.759856142437081
0.753898036674006
0.920661914079577
0.963405287860875
0.605995138228871
0.0236364346129225
0.0471223999649905
0.652094759453407
0.5139301157591
0.741502190000351
0.0429213802292285
0.823633605001309
0.822222308011847
0.53941800457464
0.520523531182185
0.249803990531365
0.775922788461737
0.117897709215511
0.288938042114509
0.504745453663726
0.876646011417874
0.20260763753688
0.0380630501671412
0.736073055530918
0.509755246953062
0.216649617863341
0.764310175997786
0.0577558531116134
0.689357548804324
0.639552919488907
0.209208732762059
0.578639042452942
0.532500157559719
0.113963938211965
0.243381267838974
0.562132348906596
0.291427973398063
0.446975393532271
0.599822573917113
0.433381798896627
0.434940375761687
0.225274524863765
0.895600117221874
0.870864489916459
0.737135550938345
0.321529499249273
0.241454156558801
0.0237996914667542
0.691301701581804
0.0680328195711868
0.0375224017753113
0.598607941143018
0.218678255297981
0.79118434270067
0.672379170200174
0.422568222643428
0.758473312332115
0.299975492449625
0.57475782544194
0.547334059394098
0.867541787179723
0.215512800329355
0.955730244912552
0.556998047629853
0.431999993544513
0.390164965831177
0.401460473131926
0.692656129590739
0.356862741417653
0.656873618004489
0.611718417871744
0.623470363491776
0.367387144474019
0.451171609894756
0.151117780921691
0.348099059218159
0.969529545433347
0.73622168758879
0.0966359126478757
0.640864738827596
0.119881763534542
0.851722823447319
0.710201986441855
0.523500657964859
0.461680612169158
0.730093411078438
0.713238950974268
0.485179836802365
0.199632446898647
0.776099022005366
0.634977001463304
0.503999916673991
0.471698810399528
0.85884745168294
0.979443129276595
0.114605014676432
0.438383636771362
0.021794948425821
0.266005694635605
0.633046057287185
0.729524123645413
0.0640744480668327
0.745759245728991
0.872383068009857
0.194614149028746
0.388335023269739
0.0429735424307182
0.772050268338179
0.352668122055439
0.760487063881461
0.901388578115742
0.157695639467417
0.802741008256718
0.275150948213943
0.0965976698334802
0.922208782250762
0.829647102245326
0.935542068561368
0.144561639955738
0.0020125077710651
0.505443245767656
0.132954665740421
0.362305028247478
0.733225856280739
0.187249746867361
0.568070299635985
0.543610476388835
0.415365292121801
0.120697533934668
0.487837393618915
0.268019155403081
0.479870305756408
0.748591744040266
0.159375922141266
0.82413313393672
0.628234562142722
0.592425130454691
0.996753751031918
0.0688494044193251
0.874967272149182
0.695956897638855
0.478743562112766
